35,3
14,8
10,32
10,176
10,92
10,18
10,238
10,218
10,230
10,2
10,3
11,10
11,18
11,16
11,8
11,14
11,28
11,2
11,3
9,7
9,4
9,6
9,2
9,3
8,5
8,14
8,7
8,15
8,13
8,16
8,2
8,3
14,3
13,1
13,3
409,5
409,4
409,3
409,2
409,1
409,0
406,5
406,4
406,3
406,2
406,1
406,0
322,3
322,1
274,2
274,1
274,0
273,3
273,2
273,1
273,0
272,3
272,2
272,1
272,0
271,5
271,4
271,3
271,2
271,1
271,0
270,3
270,2
270,1
270,0
269,3
269,2
269,1
269,0
268,3
268,2
268,1
268,0
267,4
267,3
267,2
267,1
267,0
266,3
266,2
266,1
266,0
265,3
265,2
265,1
265,0
264,3
264,2
264,1
264,0
263,3
263,2
263,1
263,0
262,3
262,2
262,1
262,0
261,6
261,5
261,4
261,3
261,2
261,1
261,0
260,3
260,2
260,1
260,0
259,3
259,2
259,1
259,0
258,3
258,2
258,1
258,0
257,3
257,1
20,3
20,2
20,1
19,3
